Fri Mar 08 2019 00:00:00 GMT+0700 (Indochina Time),$38149
Sat Mar 09 2019 00:00:00 GMT+0700 (Indochina Time),$38149
Tue Mar 12 2019 00:00:00 GMT+0700 (Indochina Time),$38149
Fri Mar 15 2019 00:00:00 GMT+0700 (Indochina Time),$38149
Mon Mar 18 2019 00:00:00 GMT+0700 (Indochina Time),$38149
Thu Mar 21 2019 00:00:00 GMT+0700 (Indochina Time),$38149
Sun Mar 24 2019 00:00:00 GMT+0700 (Indochina Time),$38149
Wed Mar 27 2019 00:00:00 GMT+0700 (Indochina Time),$38149
Sat Mar 30 2019 00:00:00 GMT+0700 (Indochina Time),$38149
Tue Apr 02 2019 00:00:00 GMT+0700 (Indochina Time),$38149
Fri Apr 05 2019 00:00:00 GMT+0700 (Indochina Time),$38149
Mon Apr 08 2019 00:00:00 GMT+0700 (Indochina Time),$38149
Thu Apr 11 2019 00:00:00 GMT+0700 (Indochina Time),$38149
Sun Apr 14 2019 00:00:00 GMT+0700 (Indochina Time),$38149
Wed Apr 17 2019 00:00:00 GMT+0700 (Indochina Time),$38149
Sat Apr 20 2019 00:00:00 GMT+0700 (Indochina Time),$38149
Tue Apr 23 2019 00:00:00 GMT+0700 (Indochina Time),$38149
Fri Apr 26 2019 00:00:00 GMT+0700 (Indochina Time),$38149
Wed May 01 2019 00:00:00 GMT+0700 (Indochina Time),$38149
Fri May 03 2019 00:00:00 GMT+0700 (Indochina Time),$37869
Sun May 05 2019 00:00:00 GMT+0700 (Indochina Time),$37869
Wed May 08 2019 00:00:00 GMT+0700 (Indochina Time),$37869
Mon May 13 2019 00:00:00 GMT+0700 (Indochina Time),$37869
Wed May 15 2019 00:00:00 GMT+0700 (Indochina Time),$38353
Fri May 17 2019 00:00:00 GMT+0700 (Indochina Time),$38353
Mon May 20 2019 00:00:00 GMT+0700 (Indochina Time),$38353
Thu May 23 2019 00:00:00 GMT+0700 (Indochina Time),$38353
Sun May 26 2019 00:00:00 GMT+0700 (Indochina Time),$38353
Wed May 29 2019 00:00:00 GMT+0700 (Indochina Time),$38353
Sat Jun 01 2019 00:00:00 GMT+0700 (Indochina Time),$38353
Tue Jun 04 2019 00:00:00 GMT+0700 (Indochina Time),$38353
Fri Jun 07 2019 00:00:00 GMT+0700 (Indochina Time),$38353
Mon Jun 10 2019 00:00:00 GMT+0700 (Indochina Time),$38353
Thu Jun 13 2019 00:00:00 GMT+0700 (Indochina Time),$38353
Sun Jun 16 2019 00:00:00 GMT+0700 (Indochina Time),$38353
Wed Jun 19 2019 00:00:00 GMT+0700 (Indochina Time),$38353
Sat Jun 22 2019 00:00:00 GMT+0700 (Indochina Time),$38353
Tue Jun 25 2019 00:00:00 GMT+0700 (Indochina Time),$38353
Fri Jun 28 2019 00:00:00 GMT+0700 (Indochina Time),$38353
Mon Jul 01 2019 00:00:00 GMT+0700 (Indochina Time),$38353
Thu Jul 04 2019 00:00:00 GMT+0700 (Indochina Time),$38353
Sun Jul 07 2019 00:00:00 GMT+0700 (Indochina Time),$38353
Wed Jul 10 2019 00:00:00 GMT+0700 (Indochina Time),$38353
Sat Jul 13 2019 00:00:00 GMT+0700 (Indochina Time),$38353
Tue Jul 16 2019 00:00:00 GMT+0700 (Indochina Time),$38353
Fri Jul 19 2019 00:00:00 GMT+0700 (Indochina Time),$38353
Mon Jul 22 2019 00:00:00 GMT+0700 (Indochina Time),$38353
Thu Jul 25 2019 00:00:00 GMT+0700 (Indochina Time),$38353
Sun Jul 28 2019 00:00:00 GMT+0700 (Indochina Time),$38353
Wed Jul 31 2019 00:00:00 GMT+0700 (Indochina Time),$38353
Sat Aug 03 2019 00:00:00 GMT+0700 (Indochina Time),$38353
Tue Aug 06 2019 00:00:00 GMT+0700 (Indochina Time),$38353
Fri Aug 09 2019 00:00:00 GMT+0700 (Indochina Time),$38353
Mon Aug 12 2019 00:00:00 GMT+0700 (Indochina Time),$38353
Thu Aug 15 2019 00:00:00 GMT+0700 (Indochina Time),$38353
Sun Aug 18 2019 00:00:00 GMT+0700 (Indochina Time),$38353
Wed Aug 21 2019 00:00:00 GMT+0700 (Indochina Time),$38353
Sat Aug 24 2019 00:00:00 GMT+0700 (Indochina Time),$38353
Tue Aug 27 2019 00:00:00 GMT+0700 (Indochina Time),$38353
Fri Aug 30 2019 00:00:00 GMT+0700 (Indochina Time),$38353
Mon Sep 02 2019 00:00:00 GMT+0700 (Indochina Time),$38353
Thu Sep 05 2019 00:00:00 GMT+0700 (Indochina Time),$38353
Sun Sep 08 2019 00:00:00 GMT+0700 (Indochina Time),$38353
Wed Sep 11 2019 00:00:00 GMT+0700 (Indochina Time),$38353
Sat Sep 14 2019 00:00:00 GMT+0700 (Indochina Time),$38353
Tue Sep 17 2019 00:00:00 GMT+0700 (Indochina Time),$38353
Fri Sep 20 2019 00:00:00 GMT+0700 (Indochina Time),$38353
Mon Sep 23 2019 00:00:00 GMT+0700 (Indochina Time),$38353
Thu Sep 26 2019 00:00:00 GMT+0700 (Indochina Time),$38353
Sun Sep 29 2019 00:00:00 GMT+0700 (Indochina Time),$38353
Wed Oct 02 2019 00:00:00 GMT+0700 (Indochina Time),$38353
Sat Oct 05 2019 00:00:00 GMT+0700 (Indochina Time),$38353
Tue Oct 08 2019 00:00:00 GMT+0700 (Indochina Time),$38353
Fri Oct 11 2019 00:00:00 GMT+0700 (Indochina Time),$38353
Mon Oct 14 2019 00:00:00 GMT+0700 (Indochina Time),$38353
Thu Oct 17 2019 00:00:00 GMT+0700 (Indochina Time),$38353
Sun Oct 20 2019 00:00:00 GMT+0700 (Indochina Time),$38353
Wed Oct 23 2019 00:00:00 GMT+0700 (Indochina Time),$38353
Sat Oct 26 2019 00:00:00 GMT+0700 (Indochina Time),$38353
Tue Oct 29 2019 00:00:00 GMT+0700 (Indochina Time),$38353
Fri Nov 01 2019 00:00:00 GMT+0700 (Indochina Time),$38353
Mon Nov 04 2019 00:00:00 GMT+0700 (Indochina Time),$38353
Thu Nov 07 2019 00:00:00 GMT+0700 (Indochina Time),$38353
Sun Nov 10 2019 00:00:00 GMT+0700 (Indochina Time),$38353
Wed Nov 13 2019 00:00:00 GMT+0700 (Indochina Time),$38353
Sat Nov 16 2019 00:00:00 GMT+0700 (Indochina Time),$38353
Tue Nov 19 2019 00:00:00 GMT+0700 (Indochina Time),$38353
Fri Nov 22 2019 00:00:00 GMT+0700 (Indochina Time),$38353
Mon Nov 25 2019 00:00:00 GMT+0700 (Indochina Time),$38353
Thu Nov 28 2019 00:00:00 GMT+0700 (Indochina Time),$38353
Sun Dec 01 2019 00:00:00 GMT+0700 (Indochina Time),$38353
Wed Dec 04 2019 00:00:00 GMT+0700 (Indochina Time),$38353
Sun Dec 08 2019 00:00:00 GMT+0700 (Indochina Time),$38353
Wed Dec 11 2019 00:00:00 GMT+0700 (Indochina Time),$38353
Sat Dec 14 2019 00:00:00 GMT+0700 (Indochina Time),$38353
Tue Dec 17 2019 00:00:00 GMT+0700 (Indochina Time),$38353
Fri Dec 20 2019 00:00:00 GMT+0700 (Indochina Time),$38353
Mon Dec 23 2019 00:00:00 GMT+0700 (Indochina Time),$38353
Thu Dec 26 2019 00:00:00 GMT+0700 (Indochina Time),$38353
Sun Dec 29 2019 00:00:00 GMT+0700 (Indochina Time),$38353
Wed Jan 01 2020 00:00:00 GMT+0700 (Indochina Time),$38353
Sat Jan 04 2020 00:00:00 GMT+0700 (Indochina Time),$38353
Tue Jan 07 2020 00:00:00 GMT+0700 (Indochina Time),$38353
Fri Jan 10 2020 00:00:00 GMT+0700 (Indochina Time),$38353
Mon Jan 13 2020 00:00:00 GMT+0700 (Indochina Time),$38353
Thu Jan 16 2020 00:00:00 GMT+0700 (Indochina Time),$38353
Sun Jan 19 2020 00:00:00 GMT+0700 (Indochina Time),$38353
Wed Jan 22 2020 00:00:00 GMT+0700 (Indochina Time),$38353
Sat Jan 25 2020 00:00:00 GMT+0700 (Indochina Time),$38353
Tue Jan 28 2020 00:00:00 GMT+0700 (Indochina Time),$38353
Fri Jan 31 2020 00:00:00 GMT+0700 (Indochina Time),$38353
Wed Feb 05 2020 00:00:00 GMT+0700 (Indochina Time),$38353
Thu Feb 06 2020 00:00:00 GMT+0700 (Indochina Time),$38731
Sun Feb 09 2020 00:00:00 GMT+0700 (Indochina Time),$38731
Wed Feb 12 2020 00:00:00 GMT+0700 (Indochina Time),$38731
Sat Feb 15 2020 00:00:00 GMT+0700 (Indochina Time),$38731
Tue Feb 18 2020 00:00:00 GMT+0700 (Indochina Time),$38731
Fri Feb 21 2020 00:00:00 GMT+0700 (Indochina Time),$38731
Mon Feb 24 2020 00:00:00 GMT+0700 (Indochina Time),$38731
Thu Feb 27 2020 00:00:00 GMT+0700 (Indochina Time),$38731
Sun Mar 01 2020 00:00:00 GMT+0700 (Indochina Time),$38731
Wed Mar 04 2020 00:00:00 GMT+0700 (Indochina Time),$38731
Sat Mar 07 2020 00:00:00 GMT+0700 (Indochina Time),$38731
Tue Mar 10 2020 00:00:00 GMT+0700 (Indochina Time),$38731
Fri Mar 13 2020 00:00:00 GMT+0700 (Indochina Time),$38731
Mon Mar 16 2020 00:00:00 GMT+0700 (Indochina Time),$38731
Thu Mar 19 2020 00:00:00 GMT+0700 (Indochina Time),$38731
Sun Mar 22 2020 00:00:00 GMT+0700 (Indochina Time),$38731
Wed Mar 25 2020 00:00:00 GMT+0700 (Indochina Time),$38731
Sat Mar 28 2020 00:00:00 GMT+0700 (Indochina Time),$38731
Tue Mar 31 2020 00:00:00 GMT+0700 (Indochina Time),$38731
Fri Apr 03 2020 00:00:00 GMT+0700 (Indochina Time),$38731
Mon Apr 06 2020 00:00:00 GMT+0700 (Indochina Time),$38731
Thu Apr 09 2020 00:00:00 GMT+0700 (Indochina Time),$38731
Sun Apr 12 2020 00:00:00 GMT+0700 (Indochina Time),$38731
Wed Apr 15 2020 00:00:00 GMT+0700 (Indochina Time),$38731
Sat Apr 18 2020 00:00:00 GMT+0700 (Indochina Time),$38731
Tue Apr 21 2020 00:00:00 GMT+0700 (Indochina Time),$38731
Fri Apr 24 2020 00:00:00 GMT+0700 (Indochina Time),$38731
Mon Apr 27 2020 00:00:00 GMT+0700 (Indochina Time),$38731
Thu Apr 30 2020 00:00:00 GMT+0700 (Indochina Time),$38731
Tue May 05 2020 00:00:00 GMT+0700 (Indochina Time),$38731
Wed May 06 2020 00:00:00 GMT+0700 (Indochina Time),$38888
Sat May 09 2020 00:00:00 GMT+0700 (Indochina Time),$38888
Tue May 12 2020 00:00:00 GMT+0700 (Indochina Time),$38888
Fri May 15 2020 00:00:00 GMT+0700 (Indochina Time),$38888
Mon May 18 2020 00:00:00 GMT+0700 (Indochina Time),$38888
Thu May 21 2020 00:00:00 GMT+0700 (Indochina Time),$38888
Sun May 24 2020 00:00:00 GMT+0700 (Indochina Time),$38888
Wed May 27 2020 00:00:00 GMT+0700 (Indochina Time),$38888
Sat May 30 2020 00:00:00 GMT+0700 (Indochina Time),$38888
Tue Jun 02 2020 00:00:00 GMT+0700 (Indochina Time),$38888
Fri Jun 05 2020 00:00:00 GMT+0700 (Indochina Time),$38888
Mon Jun 08 2020 00:00:00 GMT+0700 (Indochina Time),$38888
Thu Jun 11 2020 00:00:00 GMT+0700 (Indochina Time),$38888
Sun Jun 14 2020 00:00:00 GMT+0700 (Indochina Time),$38888
Wed Jun 17 2020 00:00:00 GMT+0700 (Indochina Time),$38888
Sat Jun 20 2020 00:00:00 GMT+0700 (Indochina Time),$38888
Tue Jun 23 2020 00:00:00 GMT+0700 (Indochina Time),$38888
Fri Jun 26 2020 00:00:00 GMT+0700 (Indochina Time),$38888
Mon Jun 29 2020 00:00:00 GMT+0700 (Indochina Time),$38888
Thu Jul 02 2020 00:00:00 GMT+0700 (Indochina Time),$38888
Sun Jul 05 2020 00:00:00 GMT+0700 (Indochina Time),$38888
Wed Jul 08 2020 00:00:00 GMT+0700 (Indochina Time),$38888
Sat Jul 11 2020 00:00:00 GMT+0700 (Indochina Time),$38888
Tue Jul 14 2020 00:00:00 GMT+0700 (Indochina Time),$38888
Fri Jul 17 2020 00:00:00 GMT+0700 (Indochina Time),$38888
Mon Jul 20 2020 00:00:00 GMT+0700 (Indochina Time),$38888
Thu Jul 23 2020 00:00:00 GMT+0700 (Indochina Time),$38888
Sun Jul 26 2020 00:00:00 GMT+0700 (Indochina Time),$38888
Wed Jul 29 2020 00:00:00 GMT+0700 (Indochina Time),$38888
Sat Aug 01 2020 00:00:00 GMT+0700 (Indochina Time),$38888
Tue Aug 04 2020 00:00:00 GMT+0700 (Indochina Time),$38888
Fri Aug 07 2020 00:00:00 GMT+0700 (Indochina Time),$38888
Mon Aug 10 2020 00:00:00 GMT+0700 (Indochina Time),$38888
Thu Aug 13 2020 00:00:00 GMT+0700 (Indochina Time),$38888
Sun Aug 16 2020 00:00:00 GMT+0700 (Indochina Time),$38888
Wed Aug 19 2020 00:00:00 GMT+0700 (Indochina Time),$38888
Sat Aug 22 2020 00:00:00 GMT+0700 (Indochina Time),$38888
Tue Aug 25 2020 00:00:00 GMT+0700 (Indochina Time),$38888
Fri Aug 28 2020 00:00:00 GMT+0700 (Indochina Time),$38888
Mon Aug 31 2020 00:00:00 GMT+0700 (Indochina Time),$38888
Thu Sep 03 2020 00:00:00 GMT+0700 (Indochina Time),$38888
Mon Sep 07 2020 00:00:00 GMT+0700 (Indochina Time),$38888
Thu Sep 10 2020 00:00:00 GMT+0700 (Indochina Time),$38888
Sun Sep 13 2020 00:00:00 GMT+0700 (Indochina Time),$38888
Wed Sep 16 2020 00:00:00 GMT+0700 (Indochina Time),$38888
Sat Sep 19 2020 00:00:00 GMT+0700 (Indochina Time),$38888
Tue Sep 22 2020 00:00:00 GMT+0700 (Indochina Time),$38888
Fri Sep 25 2020 00:00:00 GMT+0700 (Indochina Time),$38888
Mon Sep 28 2020 00:00:00 GMT+0700 (Indochina Time),$38888
Thu Oct 01 2020 00:00:00 GMT+0700 (Indochina Time),$38888
Sun Oct 04 2020 00:00:00 GMT+0700 (Indochina Time),$38888
Wed Oct 07 2020 00:00:00 GMT+0700 (Indochina Time),$38888
Sat Oct 10 2020 00:00:00 GMT+0700 (Indochina Time),$38888
Tue Oct 13 2020 00:00:00 GMT+0700 (Indochina Time),$38888
Fri Oct 16 2020 00:00:00 GMT+0700 (Indochina Time),$38888
Mon Oct 19 2020 00:00:00 GMT+0700 (Indochina Time),$38888
Thu Oct 22 2020 00:00:00 GMT+0700 (Indochina Time),$38888
Sun Oct 25 2020 00:00:00 GMT+0700 (Indochina Time),$38888
Wed Oct 28 2020 00:00:00 GMT+0700 (Indochina Time),$38888
Sat Oct 31 2020 00:00:00 GMT+0700 (Indochina Time),$38888
Tue Nov 03 2020 00:00:00 GMT+0700 (Indochina Time),$38888
Fri Nov 06 2020 00:00:00 GMT+0700 (Indochina Time),$38888
Mon Nov 09 2020 00:00:00 GMT+0700 (Indochina Time),$38888
Sat Nov 14 2020 00:00:00 GMT+0700 (Indochina Time),$38888
Sun Nov 15 2020 00:00:00 GMT+0700 (Indochina Time),$39112
Wed Nov 18 2020 00:00:00 GMT+0700 (Indochina Time),$39112
Mon Nov 23 2020 00:00:00 GMT+0700 (Indochina Time),$39112
Wed Nov 25 2020 00:00:00 GMT+0700 (Indochina Time),$39112
Sat Nov 28 2020 00:00:00 GMT+0700 (Indochina Time),$39545
Tue Dec 01 2020 00:00:00 GMT+0700 (Indochina Time),$38916
Sat Dec 05 2020 00:00:00 GMT+0700 (Indochina Time),$38916
Sun Dec 06 2020 00:00:00 GMT+0700 (Indochina Time),$38691
Fri Dec 11 2020 00:00:00 GMT+0700 (Indochina Time),$38648
Mon Dec 14 2020 00:00:00 GMT+0700 (Indochina Time),$38756
Thu Dec 17 2020 00:00:00 GMT+0700 (Indochina Time),$38516
Fri Dec 18 2020 00:00:00 GMT+0700 (Indochina Time),$38639
Tue Dec 22 2020 00:00:00 GMT+0700 (Indochina Time),$38773
Thu Dec 24 2020 00:00:00 GMT+0700 (Indochina Time),$38487
Sun Dec 27 2020 00:00:00 GMT+0700 (Indochina Time),$38487
Wed Dec 30 2020 00:00:00 GMT+0700 (Indochina Time),$38487
Sat Jan 02 2021 00:00:00 GMT+0700 (Indochina Time),$38487
Thu Jan 07 2021 00:00:00 GMT+0700 (Indochina Time),$38487
Sat Jan 09 2021 00:00:00 GMT+0700 (Indochina Time),$38493
Wed Jan 13 2021 00:00:00 GMT+0700 (Indochina Time),$38493
Sat Jan 16 2021 00:00:00 GMT+0700 (Indochina Time),$38348
Mon Jan 18 2021 00:00:00 GMT+0700 (Indochina Time),$38244
Wed Jan 20 2021 00:00:00 GMT+0700 (Indochina Time),$38551
Sat Jan 23 2021 00:00:00 GMT+0700 (Indochina Time),$38356
Tue Jan 26 2021 00:00:00 GMT+0700 (Indochina Time),$38356
Fri Jan 29 2021 00:00:00 GMT+0700 (Indochina Time),$38326
Wed Feb 03 2021 00:00:00 GMT+0700 (Indochina Time),$38326
Sat Feb 06 2021 00:00:00 GMT+0700 (Indochina Time),$38349
Tue Feb 09 2021 00:00:00 GMT+0700 (Indochina Time),$38185
Wed Feb 10 2021 00:00:00 GMT+0700 (Indochina Time),$38123
Sat Feb 13 2021 00:00:00 GMT+0700 (Indochina Time),$38765
Tue Feb 16 2021 00:00:00 GMT+0700 (Indochina Time),$38765
Sun Feb 21 2021 00:00:00 GMT+0700 (Indochina Time),$38765
Mon Feb 22 2021 00:00:00 GMT+0700 (Indochina Time),$38702
Thu Feb 25 2021 00:00:00 GMT+0700 (Indochina Time),$38639
Sun Feb 28 2021 00:00:00 GMT+0700 (Indochina Time),$38639
Fri Mar 05 2021 00:00:00 GMT+0700 (Indochina Time),$38639
Sat Mar 06 2021 00:00:00 GMT+0700 (Indochina Time),$38522
Tue Mar 09 2021 00:00:00 GMT+0700 (Indochina Time),$38524
Fri Mar 12 2021 00:00:00 GMT+0700 (Indochina Time),$38524
Wed Mar 17 2021 00:00:00 GMT+0700 (Indochina Time),$38524
Thu Mar 18 2021 00:00:00 GMT+0700 (Indochina Time),$38401
Sun Mar 21 2021 00:00:00 GMT+0700 (Indochina Time),$38401
Wed Mar 24 2021 00:00:00 GMT+0700 (Indochina Time),$38401
Mon Mar 29 2021 00:00:00 GMT+0700 (Indochina Time),$38401
Wed Mar 31 2021 00:00:00 GMT+0700 (Indochina Time),$38213
Sat Apr 03 2021 00:00:00 GMT+0700 (Indochina Time),$38213
Mon Apr 05 2021 00:00:00 GMT+0700 (Indochina Time),$38615
Sat Apr 10 2021 00:00:00 GMT+0700 (Indochina Time),$39056
Sun Apr 11 2021 00:00:00 GMT+0700 (Indochina Time),$39056
Fri Apr 16 2021 00:00:00 GMT+0700 (Indochina Time),$39056
Sat Apr 17 2021 00:00:00 GMT+0700 (Indochina Time),$39056
Wed Apr 21 2021 00:00:00 GMT+0700 (Indochina Time),$39722
Fri Apr 23 2021 00:00:00 GMT+0700 (Indochina Time),$39722
Mon Apr 26 2021 00:00:00 GMT+0700 (Indochina Time),$39722
Thu Apr 29 2021 00:00:00 GMT+0700 (Indochina Time),$39722
Tue May 04 2021 00:00:00 GMT+0700 (Indochina Time),$39722
Thu May 06 2021 00:00:00 GMT+0700 (Indochina Time),$39653
Mon May 10 2021 00:00:00 GMT+0700 (Indochina Time),$39653
Tue May 11 2021 00:00:00 GMT+0700 (Indochina Time),$39865
Sat May 15 2021 00:00:00 GMT+0700 (Indochina Time),$40362
Wed May 19 2021 00:00:00 GMT+0700 (Indochina Time),$40362
Fri May 21 2021 00:00:00 GMT+0700 (Indochina Time),$40735
Tue May 25 2021 00:00:00 GMT+0700 (Indochina Time),$40735
Thu May 27 2021 00:00:00 GMT+0700 (Indochina Time),$40872
Mon May 31 2021 00:00:00 GMT+0700 (Indochina Time),$40872
Thu Jun 03 2021 00:00:00 GMT+0700 (Indochina Time),$41459
Mon Jun 07 2021 00:00:00 GMT+0700 (Indochina Time),$41459
Tue Jun 08 2021 00:00:00 GMT+0700 (Indochina Time),$41505
Sun Jun 13 2021 00:00:00 GMT+0700 (Indochina Time),$41505
Wed Jun 16 2021 00:00:00 GMT+0700 (Indochina Time),$41395
Sat Jun 19 2021 00:00:00 GMT+0700 (Indochina Time),$41878
Mon Jun 21 2021 00:00:00 GMT+0700 (Indochina Time),$41878
Fri Jun 25 2021 00:00:00 GMT+0700 (Indochina Time),$41818
Sun Jun 27 2021 00:00:00 GMT+0700 (Indochina Time),$41923
Thu Jul 01 2021 00:00:00 GMT+0700 (Indochina Time),$41923
Fri Jul 02 2021 00:00:00 GMT+0700 (Indochina Time),$41711
Mon Jul 05 2021 00:00:00 GMT+0700 (Indochina Time),$41834
Thu Jul 08 2021 00:00:00 GMT+0700 (Indochina Time),$41834
Tue Jul 13 2021 00:00:00 GMT+0700 (Indochina Time),$41834
Thu Jul 15 2021 00:00:00 GMT+0700 (Indochina Time),$41834
Sat Jul 17 2021 00:00:00 GMT+0700 (Indochina Time),$42327
Thu Jul 22 2021 00:00:00 GMT+0700 (Indochina Time),$42327
Fri Jul 23 2021 00:00:00 GMT+0700 (Indochina Time),$42709
Tue Jul 27 2021 00:00:00 GMT+0700 (Indochina Time),$42701
Thu Jul 29 2021 00:00:00 GMT+0700 (Indochina Time),$42924
Tue Aug 03 2021 00:00:00 GMT+0700 (Indochina Time),$43009
Wed Aug 04 2021 00:00:00 GMT+0700 (Indochina Time),$43158
Sat Aug 07 2021 00:00:00 GMT+0700 (Indochina Time),$43191
Thu Aug 12 2021 00:00:00 GMT+0700 (Indochina Time),$43191
Fri Aug 13 2021 00:00:00 GMT+0700 (Indochina Time),$43515
Mon Aug 16 2021 00:00:00 GMT+0700 (Indochina Time),$43515
Thu Aug 19 2021 00:00:00 GMT+0700 (Indochina Time),$43402
Sun Aug 22 2021 00:00:00 GMT+0700 (Indochina Time),$43402
Fri Aug 27 2021 00:00:00 GMT+0700 (Indochina Time),$43402
Sun Aug 29 2021 00:00:00 GMT+0700 (Indochina Time),$43276
Thu Sep 02 2021 00:00:00 GMT+0700 (Indochina Time),$43287
Sat Sep 04 2021 00:00:00 GMT+0700 (Indochina Time),$43056
Wed Sep 08 2021 00:00:00 GMT+0700 (Indochina Time),$43056
Sat Sep 11 2021 00:00:00 GMT+0700 (Indochina Time),$43281
Tue Sep 14 2021 00:00:00 GMT+0700 (Indochina Time),$43281
Thu Sep 16 2021 00:00:00 GMT+0700 (Indochina Time),$43410
Sat Sep 18 2021 00:00:00 GMT+0700 (Indochina Time),$43322
Thu Sep 23 2021 00:00:00 GMT+0700 (Indochina Time),$43337
Fri Sep 24 2021 00:00:00 GMT+0700 (Indochina Time),$43664
Wed Sep 29 2021 00:00:00 GMT+0700 (Indochina Time),$43664
Thu Sep 30 2021 00:00:00 GMT+0700 (Indochina Time),$43784
Sun Oct 03 2021 00:00:00 GMT+0700 (Indochina Time),$43651
Fri Oct 08 2021 00:00:00 GMT+0700 (Indochina Time),$43717
Sat Oct 09 2021 00:00:00 GMT+0700 (Indochina Time),$43540
Wed Oct 13 2021 00:00:00 GMT+0700 (Indochina Time),$43948
Fri Oct 15 2021 00:00:00 GMT+0700 (Indochina Time),$43651
Wed Oct 20 2021 00:00:00 GMT+0700 (Indochina Time),$44079
Fri Oct 22 2021 00:00:00 GMT+0700 (Indochina Time),$44085
Tue Oct 26 2021 00:00:00 GMT+0700 (Indochina Time),$44085
Fri Oct 29 2021 00:00:00 GMT+0700 (Indochina Time),$43610
Sat Oct 30 2021 00:00:00 GMT+0700 (Indochina Time),$43726
Tue Nov 02 2021 00:00:00 GMT+0700 (Indochina Time),$43726
Fri Nov 05 2021 00:00:00 GMT+0700 (Indochina Time),$43726
Wed Nov 10 2021 00:00:00 GMT+0700 (Indochina Time),$43726
Fri Nov 12 2021 00:00:00 GMT+0700 (Indochina Time),$43675
Tue Nov 16 2021 00:00:00 GMT+0700 (Indochina Time),$43691
Wed Nov 17 2021 00:00:00 GMT+0700 (Indochina Time),$43453
Mon Nov 22 2021 00:00:00 GMT+0700 (Indochina Time),$43567
Wed Nov 24 2021 00:00:00 GMT+0700 (Indochina Time),$43342
Fri Nov 26 2021 00:00:00 GMT+0700 (Indochina Time),$43546
Tue Nov 30 2021 00:00:00 GMT+0700 (Indochina Time),$43546
Thu Dec 02 2021 00:00:00 GMT+0700 (Indochina Time),$43531
Tue Dec 07 2021 00:00:00 GMT+0700 (Indochina Time),$43531
Wed Dec 08 2021 00:00:00 GMT+0700 (Indochina Time),$43570
Mon Dec 13 2021 00:00:00 GMT+0700 (Indochina Time),$43579
Thu Dec 16 2021 00:00:00 GMT+0700 (Indochina Time),$43645
Fri Dec 17 2021 00:00:00 GMT+0700 (Indochina Time),$43802
Mon Dec 20 2021 00:00:00 GMT+0700 (Indochina Time),$43802
Sat Dec 25 2021 00:00:00 GMT+0700 (Indochina Time),$43802
Tue Dec 28 2021 00:00:00 GMT+0700 (Indochina Time),$43926
Wed Dec 29 2021 00:00:00 GMT+0700 (Indochina Time),$43762
Mon Jan 03 2022 00:00:00 GMT+0700 (Indochina Time),$43762
Wed Jan 05 2022 00:00:00 GMT+0700 (Indochina Time),$43762
Sun Jan 09 2022 00:00:00 GMT+0700 (Indochina Time),$43831
Wed Jan 12 2022 00:00:00 GMT+0700 (Indochina Time),$43831
Sat Jan 15 2022 00:00:00 GMT+0700 (Indochina Time),$43831
Tue Jan 18 2022 00:00:00 GMT+0700 (Indochina Time),$43831
Fri Jan 21 2022 00:00:00 GMT+0700 (Indochina Time),$43991
Sun Jan 23 2022 00:00:00 GMT+0700 (Indochina Time),$43913
Thu Jan 27 2022 00:00:00 GMT+0700 (Indochina Time),$43913
Sun Jan 30 2022 00:00:00 GMT+0700 (Indochina Time),$45251
Wed Feb 02 2022 00:00:00 GMT+0700 (Indochina Time),$45634
Sat Feb 05 2022 00:00:00 GMT+0700 (Indochina Time),$45634
Tue Feb 08 2022 00:00:00 GMT+0700 (Indochina Time),$45634
Thu Feb 10 2022 00:00:00 GMT+0700 (Indochina Time),$45634
Mon Feb 14 2022 00:00:00 GMT+0700 (Indochina Time),$45663
Tue Feb 15 2022 00:00:00 GMT+0700 (Indochina Time),$46248
Fri Feb 18 2022 00:00:00 GMT+0700 (Indochina Time),$46517
Wed Feb 23 2022 00:00:00 GMT+0700 (Indochina Time),$46517
Fri Feb 25 2022 00:00:00 GMT+0700 (Indochina Time),$46517
Tue Mar 01 2022 00:00:00 GMT+0700 (Indochina Time),$46668
Wed Mar 02 2022 00:00:00 GMT+0700 (Indochina Time),$48066
Sun Mar 06 2022 00:00:00 GMT+0700 (Indochina Time),$48066
